0.0000e+00	0.0000e+00
2.5300e-02	1.0600e+01
3.1234e-02	1.0537e+01
3.8559e-02	1.0474e+01
4.7602e-02	1.0412e+01
5.8766e-02	1.0350e+01
7.2548e-02	1.0288e+01
8.9563e-02	1.0227e+01
1.1057e-01	1.0166e+01
1.3650e-01	1.0106e+01
1.6851e-01	1.0045e+01
2.0803e-01	9.9856e+00
2.5682e-01	9.9261e+00
3.1706e-01	9.8670e+00
3.9142e-01	9.8083e+00
4.8321e-01	9.7499e+00
5.9654e-01	9.6918e+00
7.3645e-01	9.6341e+00
9.0917e-01	9.5768e+00
1.1224e+00	9.5198e+00
1.3856e+00	9.4631e+00
1.7106e+00	9.4068e+00
2.1118e+00	9.3508e+00
2.6071e+00	9.2951e+00
3.2185e+00	9.2397e+00
3.9733e+00	9.1847e+00
4.9052e+00	9.1301e+00
6.0556e+00	9.0757e+00
7.4758e+00	9.0217e+00
9.2291e+00	8.9680e+00
1.1394e+01	8.9146e+00
1.4066e+01	8.8615e+00
1.7365e+01	8.8087e+00
2.1437e+01	8.7563e+00
2.6465e+01	8.7042e+00
3.2671e+01	8.6523e+00
4.0334e+01	8.6008e+00
4.9793e+01	8.5496e+00
6.1471e+01	8.4987e+00
7.5888e+01	8.4481e+00
9.3686e+01	8.3978e+00
1.1566e+02	8.3478e+00
1.4278e+02	8.2981e+00
1.7627e+02	8.2487e+00
2.1761e+02	8.1996e+00
2.6865e+02	8.1508e+00
3.3165e+02	8.1023e+00
4.0943e+02	8.0540e+00
5.0546e+02	8.0061e+00
6.2400e+02	7.9584e+00
7.7035e+02	7.9110e+00
9.5102e+02	7.8639e+00
1.1741e+03	7.8171e+00
1.4494e+03	7.7706e+00
1.7893e+03	7.7243e+00
2.2090e+03	7.9835e+00
2.7271e+03	8.6195e+00
3.3666e+03	9.3062e+00
4.1562e+03	1.0048e+01
5.1310e+03	1.0848e+01
6.3343e+03	1.1712e+01
7.8199e+03	1.2645e+01
9.6539e+03	1.3653e+01
1.1918e+04	1.4740e+01
1.4713e+04	1.5915e+01
1.8164e+04	1.7182e+01
2.2424e+04	1.8551e+01
2.7683e+04	2.1537e+01
3.4175e+04	2.7018e+01
4.2190e+04	3.3893e+01
5.2085e+04	4.2518e+01
6.4301e+04	5.3337e+01
7.9381e+04	6.6910e+01
9.7998e+04	8.3936e+01
1.2098e+05	1.0530e+02
1.4936e+05	1.3100e+02
1.8438e+05	1.5671e+02
2.2763e+05	1.8745e+02
2.8101e+05	2.1886e+02
3.4692e+05	2.5063e+02
4.2828e+05	2.8701e+02
5.2873e+05	3.2867e+02
6.5273e+05	3.5738e+02
8.0581e+05	3.7946e+02
9.9480e+05	4.0291e+02
1.2281e+06	4.2471e+02
1.5161e+06	4.2211e+02
1.8717e+06	4.1953e+02
2.3107e+06	4.1696e+02
2.8526e+06	4.1272e+02
3.5216e+06	4.0970e+02
4.3475e+06	4.0687e+02
5.3672e+06	4.1248e+02
6.6259e+06	4.3554e+02
8.1799e+06	4.5990e+02
1.0098e+07	4.8562e+02
1.2467e+07	5.1277e+02
1.5390e+07	5.4325e+02
1.9000e+07	5.8400e+02
5.0000e+07	5.8400e+02
