0.0000e+00	0.0000e+00
1.0000e+04	6.1000e-02
1.0738e+04	9.6484e-02
1.1531e+04	1.5261e-01
1.2382e+04	2.4138e-01
1.3296e+04	3.8180e-01
1.4277e+04	6.0389e-01
1.5331e+04	8.4493e-01
1.6462e+04	8.9557e-01
1.7678e+04	9.4924e-01
1.8982e+04	1.0061e+00
2.0383e+04	1.0373e+00
2.1888e+04	9.9109e-01
2.3504e+04	9.4694e-01
2.5238e+04	9.0474e-01
2.7101e+04	8.6443e-01
2.9102e+04	8.2592e-01
3.1250e+04	7.8338e-01
3.3556e+04	7.3900e-01
3.6033e+04	6.9714e-01
3.8693e+04	6.5765e-01
4.1549e+04	6.2370e-01
4.4615e+04	5.9425e-01
4.7908e+04	5.6620e-01
5.1445e+04	5.4355e-01
5.5242e+04	5.2775e-01
5.9319e+04	5.1242e-01
6.3698e+04	5.1409e-01
6.8399e+04	5.1901e-01
7.3448e+04	5.2398e-01
7.8869e+04	5.2899e-01
8.4691e+04	5.4937e-01
9.0942e+04	5.7458e-01
9.7654e+04	6.0095e-01
1.0486e+05	6.3759e-01
1.1260e+05	6.8133e-01
1.2091e+05	7.2806e-01
1.2984e+05	7.7801e-01
1.3942e+05	8.3138e-01
1.4971e+05	8.8841e-01
1.6076e+05	9.5643e-01
1.7263e+05	1.0299e+00
1.8537e+05	1.1089e+00
1.9905e+05	1.1941e+00
2.1375e+05	1.2825e+00
2.2952e+05	1.3771e+00
2.4646e+05	1.4788e+00
2.6466e+05	1.5879e+00
2.8419e+05	1.7051e+00
3.0517e+05	1.8301e+00
3.2769e+05	1.9611e+00
3.5188e+05	2.1015e+00
3.7785e+05	2.2519e+00
4.0574e+05	2.4118e+00
4.3569e+05	2.5773e+00
4.6785e+05	2.7541e+00
5.0238e+05	2.9423e+00
5.3946e+05	3.1326e+00
5.7928e+05	3.3352e+00
6.2203e+05	3.5458e+00
6.6795e+05	3.7643e+00
7.1725e+05	3.9963e+00
7.7019e+05	4.2425e+00
8.2704e+05	4.4934e+00
8.8808e+05	4.7464e+00
9.5363e+05	5.0136e+00
1.0240e+06	5.2868e+00
1.0996e+06	5.5561e+00
1.1808e+06	5.8391e+00
1.2679e+06	6.1365e+00
1.3615e+06	6.4491e+00
1.4620e+06	6.7776e+00
1.5699e+06	7.1449e+00
1.6858e+06	7.5452e+00
1.8102e+06	7.9680e+00
1.9438e+06	8.4145e+00
2.0873e+06	8.8344e+00
2.2414e+06	9.2394e+00
2.4068e+06	9.6629e+00
2.5845e+06	1.0106e+01
2.7752e+06	1.0569e+01
2.9801e+06	1.1054e+01
3.2000e+06	1.1579e+01
3.4362e+06	1.2132e+01
3.6899e+06	1.2710e+01
3.9622e+06	1.3317e+01
4.2547e+06	1.3951e+01
4.5687e+06	1.4614e+01
4.9059e+06	1.5309e+01
5.2680e+06	1.6074e+01
5.6569e+06	1.6892e+01
6.0744e+06	1.7755e+01
6.5228e+06	1.8678e+01
7.0042e+06	1.9650e+01
7.5212e+06	2.0672e+01
8.0764e+06	2.1757e+01
8.6725e+06	2.2969e+01
9.3126e+06	2.4249e+01
1.0000e+07	2.5600e+01
5.0000e+07	2.5600e+01
